Lum
,1,2,3,4,5,6,7,8,9,10,11,12
A,,,,,,,,,,,,557,Lum
B,,3505,2312,22258,69839,111394,111920,114263,100027,98615,113472,994,Lum
C,,4316,2827,33412,93815,103113,130098,135861,139236,132430,147928,1445,Lum
D,,4789,2999,39469,83285,118891,143823,133356,142149,136899,142335,1632,Lum
E,,7137,3278,45609,96040,114555,142672,141283,150710,135506,159144,1640,Lum
F,,7509,3384,42046,82651,104123,154518,149804,154553,148913,153032,1483,Lum
G,,6552,3192,38035,90858,110951,125723,126695,130182,124362,140390,1308,Lum
H,,,,,,,,,,,,911,Lum

