Lum
,1,2,3,4,5,6,7,8,9,10,11,12
A,,,,,,,,,,,,518,Lum
B,,7405,3639,33352,81471,99267,118994,123825,104932,106285,113415,996,Lum
C,,7352,4991,45703,78974,91601,110044,110759,121332,107331,115649,1264,Lum
D,,6519,4549,48083,84148,110584,123644,147369,148533,121749,107591,1435,Lum
E,,10346,5384,40115,103011,128456,146531,177030,151182,144531,154796,1643,Lum
F,,12442,4533,30512,69502,92172,132124,143822,151116,166789,159037,1584,Lum
G,,12888,5728,31717,79633,98221,122115,134232,127857,128052,129219,1334,Lum
H,,,,,,,,,,,,902,Lum

